
-0.118621826
-0.11608887
-0.10076904
-0.08609009
-0.06161499
-0.031158447
-0.008117676
0.013458252
0.028289795
0.039978027
0.031829834
0.019744873
0.0038146973
-0.010192871
5.493164E-4
0.02420044
0.05102539
0.060546875
0.054870605
0.044830322
0.03326416
0.040649414
0.06237793
0.08001709
0.088897705
0.08163452
0.06744385
0.050689697
0.04147339
0.04043579
0.035186768
0.032928467
0.025482178
0.021118164
0.020904541
0.010986328
-0.016204834
-0.05883789
-0.10638428
-0.14108276
-0.14620972
-0.13589478
-0.13583374
-0.16070557
-0.1982727
-0.22164917
-0.20968628
-0.16082764
-0.08560181
0.006958008
0.11114502
0.2098999
0.29794312
0.35739136
0.30895996
0.17224121
0.032318115
-0.11984253
-0.19778442
-0.14382935
-0.0597229
0.05166626
0.13269043
0.15536499
0.15496826
0.11251831
0.09838867
0.05935669
0.01550293
-0.026641846
-0.10522461
-0.12884521
-0.13418579
-0.08609009
-0.011199951
0.047973633
0.08267212
0.05014038
-0.0010986328
-0.06530762
-0.10684204
-0.119628906
-0.11361694
-0.09899902
-0.086364746
-0.07611084
-0.07009888
-0.050201416
-0.026519775
0.0029296875
0.026977539
0.052612305
0.06359863
0.049682617
0.027679443
0.0025939941
-0.008331299
2.1362305E-4
0.034851074
0.069488525
0.08880615
0.083496094
0.062927246
0.0491333
0.03982544
0.056152344
0.075164795
0.08041382
0.07623291
0.05630493
0.042144775
0.032104492
0.030059814
0.029174805
0.019683838
0.0128479
0.0032653809
3.9672852E-4
-0.011688232
-0.042510986
-0.087249756
-0.13439941
-0.15960693
-0.16500854
-0.15029907
-0.14648438
-0.16738892
-0.19335938
-0.20510864
-0.18917847
-0.13980103
-0.05718994
0.041137695
0.15475464
0.2572937
0.33312988
0.34317017
0.2387085
0.10043335
-0.040863037
-0.15283203
-0.15029907
-0.08123779
0.007446289
0.09408569
0.13397217
0.1491394
0.14047241
0.12121582
0.106048584
0.0552063
0.006958008
-0.061431885
-0.115478516
-0.116485596
-0.09899902
-0.032928467
0.023010254
0.060546875
0.059173584
0.016815186
-0.030212402
-0.081451416
-0.10235596
-0.10821533
-0.102142334
-0.09414673
-0.09051514
-0.08621216
-0.0715332
-0.041870117
-0.014129639
0.010925293
0.03149414
0.041137695
0.030670166
0.018859863
0.0018310547
-0.023223877
-0.022064209
0.0042419434
0.043029785
0.08013916
0.092315674
0.08129883
0.050201416
0.03149414
0.032318115
0.050567627
0.07891846
0.080963135
0.07821655
0.058288574
0.0435791
0.03817749
0.034240723
0.03793335
0.026428223
0.026519775
0.020355225
0.014953613
-0.0057373047
-0.048980713
-0.09408569
-0.13452148
-0.1421814
-0.13458252
-0.12768555
-0.14025879
-0.17565918
-0.20352173
-0.20620728
-0.16882324
-0.099609375
-0.020233154
0.077819824
0.17333984
0.2477417
0.30841064
0.2996521
0.19320679
0.06750488
-0.05731201
-0.15707397
-0.14437866
-0.0776062
0.008544922
0.096343994
0.12988281
0.1456604
0.11923218
0.09353638
0.06976318
0.020141602
-0.008605957
-0.06933594
-0.10235596
-0.10870361
-0.09375
-0.034301758
0.015045166
0.055603027
0.048431396
0.011962891
-0.037384033
-0.082611084
-0.10021973
-0.098724365
-0.08657837
-0.07992554
-0.073913574
-0.07165527
-0.057250977
-0.030731201
-0.0029296875
0.020629883
0.0413208
0.0519104
0.043518066
0.03579712
0.015167236
-0.0054016113
-0.0020446777
0.014007568
0.047973633
0.07659912
0.07775879
0.06463623
0.04324341
0.036621094
0.044891357
0.06762695
0.08477783
0.07220459
0.057525635
0.03149414
0.020843506
0.021240234
0.026367188
0.03225708
0.021453857
0.017486572
0.004852295
-0.0029296875
-0.02029419
-0.05630493
-0.099609375
-0.1408081
-0.15966797
-0.16452026
-0.15692139
-0.15234375
-0.16662598
-0.1831665
-0.17523193
-0.14190674
-0.09661865
-0.019134521
0.07849121
0.1630249
0.24945068
0.3132019
0.29370117
0.19137573
0.069610596
-0.052337646
-0.13601685
-0.11294556
-0.04168701
0.034301758
0.10787964
0.12774658
0.12994385
0.115600586
0.09927368
0.08602905
0.044677734
0.006011963
-0.061065674
-0.10153198
-0.10720825
-0.087646484
-0.026855469
0.020843506
0.047973633
0.032104492
-0.0054016113
-0.05090332
-0.08691406
-0.096069336
-0.09429932
-0.0904541
-0.09121704
-0.091552734
-0.0904541
-0.071258545
-0.040252686
-0.0065612793
0.027740479
0.04940796
0.046447754
0.029388428
0.009552002
-0.022125244
-0.025360107
0.0043640137
0.038116455
0.07119751
0.07556152
0.06326294
0.032989502
0.022064209
0.04107666
0.06088257
0.093048096
0.08786011
0.07400513
0.0519104
0.0340271
0.03778076
0.039276123
0.053894043
0.04196167
0.03237915
0.020019531
0.007507324
-0.0012207031
-0.032714844
-0.068878174
-0.1116333
-0.13467407
-0.13500977
-0.12408447
-0.11758423
-0.14147949
-0.18063354
-0.19955444
-0.1786499
-0.12866211
-0.06314087
0.02670288
0.11129761
0.18023682
0.256958
0.30239868
0.25558472
0.14703369
0.028015137
-0.10092163
-0.15740967
-0.11715698
-0.049041748
0.042755127
0.10513306
0.12249756
0.12057495
0.09283447
0.07876587
0.046447754
0.0138549805
-0.024719238
-0.0843811
-0.104522705
-0.113342285
-0.07965088
-0.024719238
0.02130127
0.04852295
0.03286743
-6.1035156E-4
-0.05130005
-0.08383179
-0.09259033
-0.08862305
-0.07885742
-0.07220459
-0.07220459
-0.06982422
-0.049194336
-0.013946533
0.03353882
0.07406616
0.08917236
0.07473755
0.041534424
0.0015563965
-0.015167236
-7.6293945E-4
0.025756836
0.05697632
0.059906006
0.04864502
0.034576416
0.026916504
0.044403076
0.06259155
0.08328247
0.07473755
0.058898926
0.042022705
0.022766113
0.02508545
0.02520752
0.032440186
0.02078247
0.008117676
-0.0014343262
-0.012298584
-0.01687622
-0.03970337
-0.0715332
-0.11450195
-0.14874268
-0.15664673
-0.14675903
-0.13336182
-0.1385498
-0.15756226
-0.1777649
-0.17230225
-0.12939453
-0.068725586
0.02746582
0.1328125
0.21151733
0.2718506
0.3022461
0.25039673
0.13513184
0.037719727
-0.06744385
-0.12121582
-0.08566284
-0.03137207
0.049743652
0.10549927
0.13009644
0.13705444
0.10925293
0.093048096
0.051239014
0.011413574
-0.02734375
-0.08459473
-0.10076904
-0.10412598
-0.07324219
-0.022277832
0.017425537
0.03866577
0.019195557
-0.01727295
-0.06271362
-0.093933105
-0.101257324
-0.098602295
-0.097839355
-0.09463501
-0.09033203
-0.08306885
-0.052825928
-0.00491333
0.041809082
0.06448364
0.0703125
0.05493164
0.016052246
-0.0067749023
-0.0093688965
0.0010986328
0.02758789
0.037841797
0.034698486
0.03286743
0.028625488
0.042419434
0.062438965
0.08847046
0.092926025
0.08062744
0.0703125
0.050567627
0.04537964
0.04296875
0.046325684
0.041870117
0.031829834
0.019622803
9.460449E-4
-0.013183594
-0.034240723
-0.056365967
-0.08047485
-0.09954834
-0.11404419
-0.1302185
-0.14538574
-0.16143799
-0.18017578
-0.19033813
-0.17102051
-0.12893677
-0.07980347
0.003540039
0.11114502
0.20108032
0.27670288
0.32022095
0.26358032
0.13043213
0.00982666
-0.110687256
-0.16903687
-0.116363525
-0.041748047
0.046051025
0.108551025
0.1234436
0.1199646
0.08807373
0.07821655
0.048858643
0.008117676
-0.030670166
-0.09967041
-0.12542725
-0.12338257
-0.0809021
-0.014007568
0.035949707
0.058563232
0.030731201
-0.0140686035
-0.06259155
-0.09320068
-0.097961426
-0.08773804
-0.077056885
-0.07229614
-0.07159424
-0.06982422
-0.046661377
-0.0014953613
0.0574646
0.1071167
0.12149048
0.09353638
0.04373169
-0.0047912598
-0.028686523
-0.006500244
0.021240234
0.040802002
0.052459717
0.042419434
0.037017822
0.045440674
0.06530762
0.079193115
0.08163452
0.07345581
0.052886963
0.040100098
0.034240723
0.032104492
0.030059814
0.020233154
0.0077209473
-0.0063476562
-0.02041626
-0.040802002
-0.068878174
-0.09832764
-0.12283325
-0.12878418
-0.12420654
-0.12454224
-0.14724731
-0.18890381
-0.22128296
-0.22723389
-0.1857605
-0.1055603
-0.014892578
0.08630371
0.18371582
0.262146
0.3234253
0.32711792
0.23406982
0.09967041
-0.033691406
-0.15112305
-0.15844727
-0.087371826
0.011138916
0.11730957
0.15927124
0.17785645
0.14511108
0.10281372
0.077545166
0.0211792
-0.011138916
-0.07180786
-0.11819458
-0.12695312
-0.11273193
-0.049468994
0.0065612793
0.055541992
0.05569458
0.011260986
-0.045898438
-0.10369873
-0.13259888
-0.13699341
-0.12017822
-0.10379028
-0.088012695
-0.078704834
-0.058013916
-0.015380859
0.03640747
0.07598877
0.08630371
0.07229614
0.019958496
-0.018188477
-0.01626587
1.2207031E-4
0.029724121
0.044555664
0.039154053
0.02420044
0.01776123
0.040924072
0.067230225
0.09347534
0.10534668
0.091278076
0.07632446
0.061431885
0.055877686
0.05630493
0.05581665
0.04776001
0.030395508
0.015045166
-0.003753662
-0.023010254
-0.043945312
-0.07098389
-0.09133911
-0.099609375
-0.10946655
-0.12838745
-0.15899658
-0.20236206
-0.2371521
-0.23550415
-0.20153809
-0.1409607
-0.05178833
0.054260254
0.17285156
0.28955078
0.37228394
0.3744812
0.25735474
0.086761475
-0.074401855
-0.21105957
-0.21276855
-0.12112427
-0.018920898
0.09674072
0.1437378
0.16397095
0.14401245
0.110687256
0.097839355
0.034698486
-0.016113281
-0.096954346
-0.16192627
-0.17059326
-0.14450073
-0.056915283
0.023284912
0.08532715
0.08773804
0.04168701
-0.020690918
-0.08532715
-0.12173462
-0.13208008
-0.11642456
-0.102264404
-0.093048096
-0.084991455
-0.05883789
-0.008392334
0.06011963
0.13644409
0.17456055
0.13665771
0.050964355
-0.0105896
-0.050476074
-0.043518066
0.016998291
0.050476074
0.060943604
0.040039062
0.022613525
0.03451538
0.049865723
0.08956909
0.09661865
0.09011841
0.07058716
0.041137695
0.03793335
0.032318115
0.03640747
0.026367188
0.01776123
0.0047912598
-0.026031494
-0.047546387
-0.073516846
-0.09429932
-0.104400635
-0.09976196
-0.09954834
-0.13009644
-0.1774292
-0.22784424
-0.26119995
-0.2635193
-0.22866821
-0.16436768
-0.070495605
0.05630493
0.19436646
0.34802246
0.46002197
0.4421692
0.2929077
0.08984375
-0.10131836
-0.24533081
-0.22088623
-0.10241699
0.012023926
0.13241577
0.16915894
0.1867981
0.16607666
0.1453247
0.1340332
0.05847168
5.493164E-4
-0.11026001
-0.18789673
-0.19998169
-0.16293335
-0.054870605
0.031219482
0.100494385
0.09088135
0.03579712
-0.03326416
-0.09777832
-0.1255188
-0.13964844
-0.13616943
-0.14157104
-0.13745117
-0.12420654
-0.0798645
0.0033569336
0.09033203
0.14605713
0.1505127
0.1078186
0.018310547
-0.043304443
-0.057861328
-0.04626465
-0.006225586
0.023498535
0.04147339
0.033355713
0.034088135
0.056762695
0.06573486
0.09094238
0.093933105
0.088897705
0.080566406
0.071136475
0.07815552
0.06695557
0.06387329
0.04031372
0.009033203
-0.014953613
-0.037384033
-0.037109375
-0.039489746
-0.038726807
-0.044952393
-0.0597229
-0.08300781
-0.12387085
-0.16574097
-0.21929932
-0.2572937
-0.26776123
-0.2711792
-0.22183228
-0.10891724
0.04953003
0.22955322
0.41012573
0.5345459
0.46765137
0.25701904
0.044067383
-0.17407227
-0.30792236
-0.24609375
-0.118255615
-6.1035156E-5
0.107666016
0.15011597
0.16546631
0.15576172
0.16082764
0.14257812
0.054382324
-0.030334473
-0.15911865
-0.23440552
-0.22402954
-0.15338135
-0.029846191
0.05697632
0.10986328
0.08560181
0.028289795
-0.03149414
-0.08389282
-0.09921265
-0.10821533
-0.11404419
-0.13214111
-0.14129639
-0.12112427
-0.06484985
0.033966064
0.14990234
0.22286987
0.19485474
0.10748291
0.02520752
-0.05569458
-0.077056885
-0.026367188
0.0082092285
0.03805542
0.039367676
0.026245117
0.043395996
0.05090332
0.080566406
0.09222412
0.09933472
0.09640503
0.06689453
0.06915283
0.043945312
0.0234375
-9.460449E-4
-0.026794434
-0.033416748
-0.045288086
-0.028625488
-0.03164673
-0.034851074
-0.033691406
-0.04864502
-0.061706543
-0.10092163
-0.15393066
-0.22149658
-0.2652893
-0.25888062
-0.24841309
-0.23925781
-0.23114014
-0.18029785
-0.037109375
0.20291138
0.4819336
0.6696167
0.6236267
0.34127808
0.03793335
-0.23516846
-0.37857056
-0.23809814
-0.068115234
0.077545166
0.1671753
0.14437866
0.14868164
0.12542725
0.1864624
0.20593262
0.12057495
0.016662598
-0.18774414
-0.28790283
-0.29263306
-0.18377686
-0.016204834
0.08389282
0.13809204
0.061828613
-0.020629883
-0.09182739
-0.12454224
-0.09994507
-0.101257324
-0.10507202
-0.15316772
-0.18365479
-0.17053223
-0.09222412
0.07159424
0.22485352
0.28619385
0.19689941
0.056915283
-0.083343506
-0.17721558
-0.118255615
-0.0040893555
0.08328247
0.11642456
0.08538818
0.04324341
0.018707275
0.045166016
0.07815552
0.094696045
0.09976196
0.06286621
0.043121338
0.0446167
0.052612305
0.052001953
0.032806396
0.0066223145
-0.032165527
-0.032165527
-0.013519287
0.0015563965
0.005126953
-0.02444458
-0.06512451
-0.119506836
-0.16430664
-0.19104004
-0.19866943
-0.19445801
-0.21051025
-0.22793579
-0.24609375
-0.2326355
-0.12271118
0.10809326
0.43896484
0.67678833
0.64727783
0.40344238
0.07418823
-0.24554443
-0.39242554
-0.2644043
-0.07992554
0.05923462
0.14129639
0.10235596
0.07208252
0.07098389
0.1418457
0.18960571
0.13711548
0.03265381
-0.17208862
-0.28414917
-0.29595947
-0.19320679
-0.02420044
0.076660156
0.12045288
0.035461426
-0.037384033
-0.09680176
-0.10522461
-0.053833008
-0.050567627
-0.053771973
-0.11538696
-0.13943481
-0.10446167
0.0140686035
0.1822815
0.256958
0.24542236
0.109375
-0.051727295
-0.15414429
-0.14456177
-0.0362854
0.07058716
0.13815308
0.118255615
0.057403564
0.0010375977
-0.0079956055
0.017547607
0.046813965
0.062042236
0.0446167
0.033599854
0.031158447
0.045013428
0.05041504
0.034576416
-0.0033569336
-0.048095703
-0.057922363
-0.040252686
-0.0030212402
0.02520752
0.023376465
-0.020080566
-0.08343506
-0.12927246
-0.15228271
-0.1444397
-0.122924805
-0.11340332
-0.1293335
-0.14886475
-0.14996338
-0.14852905
-0.1434021
-0.12734985
-0.06448364
0.13772583
0.42086792
0.5449219
0.44906616
0.2763672
0.028564453
-0.21759033
-0.19464111
-0.06298828
0.035461426
0.13568115
0.110076904
0.07318115
0.017364502
0.048095703
0.09921265
0.06442261
0.06121826
-0.086364746
-0.16314697
-0.20510864
-0.16992188
-0.06716919
-0.025482178
0.04550171
-0.0340271
-0.053619385
-0.098236084
-0.10379028
-0.06512451
-0.06100464
0.022216797
0.047546387
0.11697388
0.09133911
0.041259766
-0.029510498
-0.1199646
-0.09817505
-0.0670166
0.02999878
0.06100464
0.0657959
0.041137695
-0.0056152344
0.0022583008
-0.014404297